Accuratezza: 0.726428571429
Purity: [ 0.26491455  0.18976026  0.20290765  0.17336127]