0.0019568928987034589;0.0035320287366395306;0.0043877102560662884;0.0040102028806230702;0.0052767499967494736;0.0058137282387086785;0.0037851147375033744;0.0056118160134402397;0.0019507566189333164;0.003164919130002082;0.0038758810990234343;0.0042345228762260606;0.0053912008009847877;0.012760480948610542;0.07119235894208556;0.12562157881325717;0.0736313950449385;0.12532690401501689;0.07124827472761161;0.012746129714154503;0.0053834009146324878;0.0042274358029049525;0.0038757567870138323;0.0031607073967138814;0.0019446692080230961;0.005606156509397422;0.0037791422678372989;0.0058154719339938762;0.0052758833947049036;0.0040061587027538231;0.0043841770131138255;0.0035307594359521325
0.0019050209844564698;0.00071576253740232695;0.0028161500851857273;0.0013980171500373928;0.0024841800625743544;0.0019388425461417422;0.0029582365818758821;0.004483275519556444;0.0085248666612810203;0.0089707937601297329;0.0065322862970994535;0.014783144903044752;0.016448179359337588;0.027084839542723723;0.076597072337683841;0.070633295237246763;0.09459229005453211;0.070343672742574456;0.076615551967493312;0.027083385656862951;0.016425365003511109;0.014776787502411503;0.0065334753664761337;0.0089726905694377176;0.008521490674322266;0.0044744466068241768;0.0029375137451335687;0.001938250515944447;0.0024815382013804164;0.001393661950215412;0.0028130192379155999;0.00071494122639518556
0.0018491700150874307;0.00098910149177992759;0.00076590039054607543;0.010755250627452285;0.004259008816191112;0.0033959052932474813;0.0046700841166223278;0.028210133697533928;0.0030906108908801532;0.012408656627255644;0.010448093104085706;0.024233585435152218;0.0073735971996950972;0.013382910297104091;0.0019537108922734543;0.0045818093488421505;0.070282737000994619;0.017810015947012158;0.027286303176605693;0.011592665893262867;0.018428064592970781;0.023831069816924046;0.031248865203332435;0.033763791392551069;0.0025339606652270614;0.0059036450505380242;0.0036357651371514582;0.0024060013522845722;0.0060975114553167842;0.0047701879370632009;0.00068356091259310942;0.0013589034099321402
0.00060653234813790936;0.00095315687411060392;0.0007972999324569385;0.0021108471969673915;0.0014804560167865531;0.00033224794582747096;0.00094619787246779589;0.0021299357977736179;0.0056818848674896451;0.0009084470479931039;0.0050752130036090474;0.0023816423858878436;0.007285542559184492;0.014934797054861424;0.017526045662011523;0.0076030911801640358;0.049112333178468977;0.038775511663602734;0.014861036150427448;0.00098853665081194528;0.010312439938979403;0.00065719223392706025;0.0028364959490498319;0.00091801935675533475;0.0030250806624047603;0.0027725703450490638;0.00078289927455048932;0.00095996776902535896;0.0017025206817803419;0.00099120240944426934;0.0012368346905786917;0.00052494782815071933
0.0011373808842353604;0.0015788234964310038;0.00093868357872814044;0.0017900430373301967;0.0024025308013294606;0.0020551760783177162;0.001876032275277977;0.0011577250456735312;0.0051732944656730229;0.0043690139450608565;0.0047397037130668925;0.014854456635162164;0.0094347388209129242;0.019608745761433333;0.013834164327697776;0.030022207814139942;0.10574373822652934;0.083697131322367418;0.028202511031002974;0.011032067901054231;0.0052423835303211028;0.0087973323864897687;0.0083578655336971047;0.0020898793222422106;0.0054621727750265598;0.0054164981584169511;0.0012900563773933001;0.0019828972119230463;0.0020264311033026659;0.0011773104727429238;0.0024191806313416668;0.0018617423157068519
0.00065125681672546472;0.0013439288663323534;0.00027351573260378352;0.000786101166069457;0.0016306377749562694;0.0011845928166193207;0.0014109283908864084;0.0054335571040081045;0.0041067011820565763;0.0091169619730909687;0.0022184479474987714;0.0047237931682538445;0.012479354857972231;0.0050228450866670604;0.033029799823135413;0.013538788884340092;0.18712085206322593;0.026567729598610902;0.0081956516021733598;0.012865546185238132;0.0039628889880155196;0.0011471485137313916;0.0025432407936363728;0.0015676257486406584;0.00097342236107545561;0.0023012218035650066;0.0021763607767140308;0.0018139807594670261;0.00080422433423123208;0.00093963684293566917;0.00078383910659329391;0.00031132172070604994
0.000190863497936257;0.00050498320998725596;0.00036321348788796937;0.00080811076221415856;0.00028429277745520884;0.0014656353479572787;0.00064463327772377251;0.0018832483195414468;0.001160841066752107;0.0019423313957815708;0.0027149974040354291;0.0020297028313201165;0.0084590351427060277;0.0017980660820873574;0.020117506261324306;0.0082717885348119868;0.095683474250231243;0.012445057840363647;0.005856351280190175;0.0033545930887653999;0.0027694154137884136;0.0019729578014438137;0.0014604240855876408;0.0011419741441483324;0.0010671219041188109;0.00050086565213829527;0.00075137070649912939;0.00027445694956584134;0.00025541711660567788;0.00049226164992156787;0.00029671895399037261;0.00039466270596454279
0.00083838164220159477;0.00069993852522171984;0.00061476425555605891;0.00059574351357260711;0.00081631515744136959;0.00070629634659331148;0.0013180971271142948;0.0010881699786916205;0.005077114405564743;0.0013095912787096163;0.0060144677213251323;0.001657585880763328;0.004180345590161596;0.0012517384117412258;0.022840087270436696;0.0018250739018168991;0.076436476064542513;0.0027280117018799611;0.0099569336745008539;0.0030140484203409015;0.012431418694256458;0.0011831587164773396;0.0026228944292813936;0.001321514383621716;0.00039898269381021879;0.0010168310199651616;0.0022497396524015973;0.00077577459358057566;0.0012536103454114324;0.0008283424964884797;0.00064538558387723047;0.0003598372325471017
0.0019337729599764777;0.0021930124411390236;0.0005057879697185567;0.0016667711497760664;0.00044893712920116642;0.002772068332282007;0.0054093116134273445;0.0052354953097323792;0.0071972922121450438;0.0063442965369559573;0.015299733907573339;0.013323022719477981;0.016446728766642445;0.026084708060223689;0.019702398692737426;0.080520371395188056;0.033276237939993909;0.011837768632871103;0.013985849615887853;0.017680289667881655;0.014718632463154108;0.013594851124821783;0.015558213102522258;0.010098710824807431;0.0081757370175656058;0.0020171054264609845;0.0019452907604396328;0.00193602202128104;0.0012882973369062964;0.00064446614006085897;0.0014850954063612358;0.0019032871610714286
0.0015830894942382451;0.0013252629231814543;0.0031205590405612503;0.0006501749554874267;0.00527107357323777;0.0027123684169565701;0.0012423898681238788;0.0040534217321352081;0.004101606438853868;0.015655991833742163;0.0040400944627678841;0.010446447728918841;0.028813827334024215;0.0048183555063793793;0.040910573199181892;0.035306348139016279;0.042448368483236049;0.03500463220405995;0.031863732482731118;0.023878735871982252;0.021083362533283606;0.0056816544721793273;0.0070576292362642479;0.0032040687079132294;0.0093798534057639472;0.0014561009187128203;0.0033676956179730308;0.0028171204188833631;0.0020076397942007684;0.0043908850495706772;0.0015360268136709629;0.001610366377982661
0.0007346038234332218;0.00034836474336382523;0.0014977675787199954;0.00078184346060663058;0.0023673804568942049;0.0013308954184633062;0.0038966790708248578;0.0025209985450733558;0.0017230494685958858;0.0020808886625780319;0.0027635816454058657;0.0046769325764150112;0.010908876874562313;0.0067665399209166175;0.023108375763718606;0.0086314535279470445;0.069246589083709773;0.012628814551924456;0.0090357159229226582;0.0045432659149817105;0.0059110392893924786;0.0070328025622131002;0.0035423659182093254;0.0013385278462603348;0.0024530220481046162;0.0015580772119467927;0.0015377708612503687;0.0010640108975385695;0.0018757969485060115;0.0010929833069690351;0.00094107157085241008;0.00058351799820522169
0.0013051585077056105;0.0020030108260776559;0.00070870109008351276;0.0018258632479357978;0.0021848082158107403;0.0031101016536245708;0.0011774262340806287;0.0082288717278939296;0.0016815226565193686;0.0068134366789879466;0.0045471631646349471;0.0073803509476370321;0.017608867103455786;0.012740579641271651;0.0247648697144713;0.013414691187046425;0.072890281487731801;0.0033482725757041452;0.012391816867082307;0.0067076888809837233;0.016145375026637772;0.0062464605158106751;0.0041068831794336949;0.010847724747753687;0.0026817101312662061;0.0040489091777774888;0.00076210119075685882;0.00064923749715595116;0.0016312239744134143;0.0029996969018663182;0.0014337722133195923;0.0016755029291976088
0.0019274955450150832;0.00092177847263526257;0.00052330506672640159;0.0032756656631970932;0.0022241642923192025;0.0051557327836057138;0.0033573259177976959;0.0010017797204654993;0.0098711206331814558;0.011414907668900461;0.0065316178513748161;0.0054629542633913303;0.01116350443192638;0.012660538792860838;0.0097367317343638026;0.083666752297462565;0.076187247443913933;0.0054278826280144809;0.041302372838375553;0.0078161172594540893;0.018495190074658895;0.0010033816028753848;0.006071814352512043;0.0071538190536146627;0.0090667541766497398;0.0068681479111986164;0.0034838621696056094;0.0030379429077527433;0.0035701391814371595;0.0046216442482372539;0.00061272484325648898;0.00057570701709129058
0.0004112618531108367;0.0012925514926334382;0.0015715132353048876;0.0011674311622443851;0.0023103868115872546;0.00061774241985835686;0.0030996312962111891;0.0022730875472402952;0.0049303081726477247;0.0044548329269649689;0.0066641165541621236;0.0075179307805022582;0.0042672928216119996;0.012063345081202322;0.028251594426205364;0.014706700552143355;0.14266507137632564;0.015919516130228829;0.015653878387592298;0.012397938986489169;0.011011098058243983;0.0076864405306572387;0.0052939106003916051;0.003574612016281183;0.0018855240886073113;0.00091883889416142801;0.00091306159423070257;0.00052089173187951088;0.00081729819636979092;0.00072509638902228969;0.0010763266917441132;0.0002264641883619434
0.00087859348042106762;0.0024901163154082092;0.0035746753033328014;0.0022903304895102285;0.0024537932229713386;0.0024440723211286855;0.003079563468041311;0.01021503622957692;0.0060659447508424787;0.013921158780235806;0.0029764841464278878;0.016469304849985007;0.012690314679650448;0.02397413669607679;0.045163986509496247;0.024126472186650396;0.0099120555903563379;0.076355242651194657;0.018467746410751124;0.012884363736866843;0.02402449444015476;0.013487446067487181;0.010277915277282746;0.004522892686120385;0.0043471292805492374;0.0057286252759891215;0.0023579749554366956;0.0033400766678265185;0.0050334874709697377;0.0026281086700580174;0.0026568623921387146;0.0011867422553883957
0.00096889472182308306;0.00068861455336172996;0.0013918062856763899;0.002071101510772097;0.0018016074096004356;0.00097260542896647115;0.0021481882064362597;0.0032359072335836707;0.0020579863369829853;0.0025210001701600369;0.005917968632755035;0.0018316353785368528;0.016309987395365627;0.0048852627083256321;0.023514765658588031;0.0093391506773382437;0.12117585989947091;0.0040645152621213362;0.0086844921009913041;0.0046100974042192462;0.0096914299903649529;0.0023247548377258137;0.0046642333002700365;0.00091022005265205459;0.0021864959749485356;0.0033599976578845428;0.0015696906020218468;0.00056369021214092705;0.0018422496365663702;0.0020733792605258745;0.000440094352198379;0.00055319224157815872
0.0015278466286246257;0.001855187555247793;0.002723043584035648;0.0013089543389431303;0.00091498407216647633;0.0014915746855626712;0.0032607880223424006;0.0050455100228623921;0.0061084177328233468;0.0066695292600291323;0.0096914758348074174;0.0086389829141680086;0.014395712130647194;0.0069802848285501554;0.012670552947428158;0.013176822374132438;0.041351793811606141;0.036607486537200577;0.010404333244303116;0.016521282339163189;0.0085236133543691202;0.0098429999417441703;0.010660905256403118;0.0029911593255422149;0.0022651690839030794;0.0041788657159489472;0.00047823092244123679;0.0025524164537816954;0.0032489856236007945;0.0011138165533955485;0.0020435306410831553;0.0019915770691686556
0.0014224940946860661;0.0035103230829478839;0.002349436836460897;0.0022616428772252381;0.0028526655523868102;0.0046062404733226902;0.0039800245868152756;0.00058778667664701053;0.004245504992413566;0.003266682835338782;0.0027767800734557462;0.0025978723616004893;0.0068817381939271158;0.010992828514093431;0.037872754478715839;0.017015743185092844;0.14219725495679916;0.024750825997541789;0.0024865079858009628;0.0016357186131153172;0.0044133628627566349;0.0054514887231586527;0.0031305432246859994;0.0025367534764739103;0.0031810748068736242;0.0012790874852573744;0.0039931448467910675;0.0047879437930127052;0.0021275226733943327;0.0018735852335876341;0.00027342944985306393;0.0011274616831234343
0.00071378994534548911;0.00075588791253483167;0.00053771474284991126;0.0018816847746096364;0.0011292132884241817;0.0011026813929846605;0.001830095154186901;0.00089609249973474352;0.0030982724726850088;0.0044957545846426271;0.0019782892552589466;0.0047787833825502345;0.012153140903279864;0.0036528951912505876;0.045883396148631975;0.041825452281769052;0.1378292372879949;0.030011308779086403;0.05056041232274399;0.0034997086160774992;0.013256503979238271;0.0027074916732658092;0.0039284555383058521;0.0015302233546397729;0.002517420219118971;0.0016193681949610975;0.0030487566508283891;0.00084878739485437309;0.0013403536574365937;0.00065842016471998185;0.00024045018349205739;0.00041782890819922164
0.00090643831502859476;0.00096568539313356941;0.0018780807062377205;0.0011532905223332838;0.0019008398189149052;0.00093460783690130754;0.008833029059389888;0.0090454808329852292;0.0014556284821850998;0.012429599382661487;0.0053728437305195749;0.017069306856274159;0.016374016404048758;0.017409136170659156;0.039921558853628039;0.041514492441648669;0.069295872674309617;0.0060145043674963809;0.020577450383794223;0.0090006017494842754;0.017041697701599655;0.012725300155450025;0.010186789803149313;0.0078690182614768941;0.0043620952399545491;0.0026425593388005398;0.0038952057064837679;0.0057591295435999298;0.0014824576696042464;0.0051193722435829122;0.0042109901950234778;0.0010613987120676224
0.00053661916952313512;0.00046064032604571263;0.00077881122178482566;0.0011484218677139612;0.0011743005601916458;0.0013115735479908742;0.0046046622400918152;0.0031381469087078803;0.0043051518343382705;0.0043789087990230595;0.0055938572881135884;0.0096427217742951991;0.013385896807795686;0.025280198107387953;0.018466001766884982;0.012439132696152724;0.044545436930298436;0.035065716572675966;0.0089594168851616744;0.011992750757817132;0.0033852797534729196;0.0043939506371039926;0.0035872405489079423;0.0060821801311919943;0.0028669988342516712;0.0013774799807410535;0.0013386607032296416;0.0014825922829541838;0.0012518447310614746;0.00088718754000392417;0.0019204904537397244;0.0017855196632659473
0.0015444329514676981;0.0040181825851313734;0.0007203663967777598;0.0052929383010470567;0.0015102058954081846;0.0092038621380853003;0.0058228487056041786;0.0034698496458509978;0.016228798506143116;0.014828054225894302;0.013848219065271412;0.012661109383483979;0.022645051772885744;0.022068413739511145;0.03243592251292847;0.041234774303762989;0.090287415272548327;0.052911166216104387;0.015540485736741003;0.025473944961976233;0.012414936059490352;0.014567766751607931;0.031650343880671339;0.020974775981502023;0.015508174484697497;0.0011182535806800278;0.00053144100126029038;0.0028409918946200588;0.0043914570113682758;0.0040895051609331351;0.0025962981493523633;0.0029308397482398071
0.0011545338393231445;0.0050518309365434741;0.0024009424238734521;0.0012320985456647103;0.00087214106846647142;0.0015241466788448444;0.0036577444313323632;0.0012390360239615326;0.0011190332599700582;0.00054070583406424957;0.0068843819592883998;0.070829519037937216;0.0062901632376015639;0.0030533393523257783;0.0028049687949691631;0.0060617931330026811;0.0014474744672172178;0.0013704070768960164;0.0027305058112389396;0.069253562317272338;0.0039601753801800522;0.0010461700028203459;0.0013579010459926688;0.0020607906275658464;0.01042464782018108;0.0012527842021237991;0.00051273639980581732;0.00061859016849243791;0.0016054449658527304;0.0042152069424269698;0.0012313312991547979;0.00038374812805889498
0.0016860564421912569;0.00072479868743134126;0.0011283501074428016;0.00070719788642596465;0.00095158186485455251;0.00081512900710846382;0.001625959049171462;0.001864103621388187;0.0033038199229124816;0.0037143131165528098;0.036465693330969648;0.0049946531491630785;0.0021985991929734283;0.0031886917765224783;0.0033244429699172211;0.0060524170148179412;0.0064513806027350785;0.0036599292844674441;0.005382849181405888;0.002356403330567624;0.041340150132809637;0.0038278536886340955;0.00258152213886225;0.0016220237636541685;0.0027044059342556572;0.0014155631890177469;0.0012567381985491939;0.00062072378285899117;0.0011653264247269244;0.00069497922727539867;0.0014846142420804249;0.00076002407424878538
0.0067407375791010667;0.00075274310116828138;0.00066622576529200902;0.00067449623089862998;0.0081112072565910544;0.000881224836791407;0.0010935427210365311;0.0018474532137075362;0.032910837005338013;0.0030050739502096497;0.00051136992488745483;0.0012947458836438243;0.033029678921882903;0.0018203784783246554;0.00089386823554359421;0.0024399530262271883;0.0013787749314048627;0.0014017141802344197;0.068558882299509682;0.0020400809886210016;0.00042631343596791617;0.0029378488001053872;0.043954186374261593;0.0016887789013388858;0.0012862661219999974;0.00125063466160147;0.01117572224422504;0.00080798639372086094;0.0006807366093592056;0.00058655149598535786;0.005680405507709381;0.00074492281678107319
0.001463358020848089;0.00035306576997909113;0.00028582579586122129;0.00027494181445413343;0.0025802540881846221;0.00046445309656714272;0.00037196054919762288;0.00054857616665228252;0.0058490680721284029;0.00067975112809142877;0.00071500734164928539;0.001009061468863176;0.019318994007689331;0.0012887266527465608;0.0016337646163845536;0.0046020501604569029;0.0042560845248069672;0.0055081528264253219;0.041820024964511482;0.00065162245459487425;0.00078029120456219413;0.0013969273932773951;0.006933108642694084;0.00024349921213418917;0.00037185711256564183;0.00071624799560023262;0.0024146201592229704;0.0001161930329262751;0.00024672360363559769;0.0004570935092743267;0.0012545262940682471;0.00010298355503343993
0.00075975812582674098;0.00066847691781769824;0.00050130674402523311;0.0010909426360321437;0.00134633023806706;0.00055896357172514996;0.0015222681593564729;0.0025156025864906859;0.0011689161962766604;0.0021288844527174106;0.0050918222353126246;0.00216633278563163;0.0035801099531247642;0.01849658097969642;0.0082818892965540042;0.020594240493786008;0.0084059896158662894;0.053634931947137116;0.0078231016281654492;0.0040333141622109102;0.0093430327711984396;0.002633904561518673;0.0012404409502604751;0.0032803465705344599;0.0015227145679514121;0.00074594735798803728;0.0016068167761372155;0.0010664648849720098;0.00050391844866024015;0.00092808202999730249;0.00086583970021155646;0.00033902473809618768
0.0055700690017540244;0.0015899156157843737;0.00063963250038137653;0.00062012324975560193;0.0016390247094087826;0.0004216938827279972;0.00067190629695558393;0.0005929504755896566;0.00461318828617421;0.0015795471160214886;0.0016869974453214097;0.0041030725766763162;0.055346544297348678;0.0049719895895587148;0.0035260192674822291;0.0024193064795840821;0.0038391945563566619;0.0059530879214140815;0.075214875176813772;0.0038525749067513057;0.00065180734583108438;0.0034989457202649764;0.028424590737139953;0.0020752735252833462;0.0014856510184352262;0.0011035417146825102;0.0079357420221474878;0.0011817806040065923;0.0010335397468710715;0.0016233239105805813;0.0083757182243240219;0.0013641371985383759
0.00090090256297355967;0.00063082907090865716;0.00079220743096691543;0.0012522349733204499;0.001017365272296002;0.0029304410655176401;0.006203502789465078;0.0024663290221181634;0.0040385715318072739;0.0025356711983598114;0.0029239090606329259;0.0037659485913395679;0.020520558427506632;0.019470596309170758;0.11921040446114618;0.038281066225079416;0.028220664117517818;0.010100201291401765;0.047738324079155486;0.011785516558351129;0.035010113288437353;0.004254668305257882;0.0048370753853207975;0.0085992351054838077;0.0046062528936846479;0.0027411296573104397;0.0027432122049332193;0.0026875860857055733;0.0038117138258394849;0.0013262105301550249;0.001408455398888508;0.0035390026385426899
0.0033536534953075062;0.00042567049197819799;0.0025669167008541332;0.00055066612249157765;0.0033920285361419035;0.00058584053267986497;0.064630481375999527;0.00056783015819037992;0.0032129041847507277;0.0010451517856552919;0.0021514217905175058;0.00093422866230933308;0.0011152416076495558;0.0007174497936812094;0.00099052387308539141;0.00096606064775678357;0.0027518169220449068;0.00059399945320896949;0.0021588477299258552;0.00058725021146089934;0.0035916980486999633;0.00085429422478359963;0.0039167423817432871;0.0005941107431362882;0.070275854819297545;0.00062413710122741575;0.0030990787207140261;0.00050861731329968031;0.0037351132153721571;0.00032026856070478904;0.0027473354081501617;0.00022976054653481238
0.0007662868354724457;0.0024743963191416105;0.00071105690205075067;0.00046150748018192867;0.0010422094568663307;0.0011118918084039447;0.0019637438260028616;0.00064353440277519771;0.0016571875689156527;0.0020733581013540809;0.0091530748413227846;0.002989976586660845;0.0096603904513218042;0.04364609339110833;0.039333814501589272;0.02425236832690578;0.0099697415094029528;0.10083595669675832;0.01113033595225328;0.010171477184065775;0.013728889368406881;0.0026329702800297061;0.0068925622235646222;0.0045958730332235865;0.0054933077995767687;0.0011581580944818922;0.0031432512737240973;0.00096364699900832634;0.0020417864025846322;0.0018717837746240545;0.0017046598221822967;0.00060383288296269103
0.00022905893493687307;0.00037648449987201244;0.00043466883978523108;0.00036412657923174681;0.00014850453321228255;0.00034596884066572057;0.0013819850536582238;0.00041547382895098909;0.00066464307309915122;0.0010170863608934529;0.00072512955305118853;0.0013952918026560492;0.004893918776898965;0.0062351199184678251;0.0084900535045336241;0.010377551177878364;0.015276561643356699;0.0082912189618219688;0.0042258550950833931;0.0014839673238980701;0.0011980187117995689;0.0013295826247811311;0.00098191541438301475;0.00041616256273535601;0.0027669709931794854;0.00087847641911897444;0.00080975243480803805;0.0012920415113938351;0.00093327057282699053;0.0016506515193235552;0.0040712597743798882;0.0017888737403735807
0.0013841065181694416;0.0007260917552667028;0.0037223702554784318;0.0023233576400060372;0.0015989746974236906;0.0062639620988701288;0.0050213239111183156;0.0056456376293657568;0.006091062121692881;0.01340533581396983;0.017463169085766145;0.0080347960838485898;0.010813887303463391;0.0098446011159764417;0.010886517980068525;0.057124597062325519;0.043842908562651078;0.0058662897392714967;0.043538304720801967;0.016646617867930109;0.0067577587683221117;0.018512853599438231;0.016601439134317959;0.011108118795076885;0.0052091456469530355;0.0030779702257431058;0.0024931051381921077;0.0016990688706950672;0.0020108963742806905;0.0019455239545330407;0.0014633702366987768;0.001137259982531314
0.0025292199474025476;0.0019177649271678063;0.0021591777316050218;0.0042558733849490781;0.0059968664343004376;0.003203295933036485;0.0045797639081039338;0.015906946881574128;0.011479382762917142;0.01500792530287905;0.015337085202905614;0.015938131809727023;0.016070935202071829;0.0092601075470141406;0.034542801801778329;0.063370654905327103;0.042918479336322299;0.023548139305988834;0.021310646511387667;0.013316107895671322;0.0045512760542628632;0.01420365334302242;0.012011024903430869;0.016206046706366686;0.0083280597548294477;0.0098687302722196401;0.0032343998353222859;0.0044343101281191979;0.0022405186885496226;0.0046900706949743994;0.0033590115761910513;0.0030754153711200888
0.00022488200669472052;0.001183958702901264;0.00064125804876774637;0.00050134616639108934;0.0019267511472196676;0.0018053803001368807;0.0005307758531947716;0.0010084561277461073;0.0023449003381353275;0.0022761755006130719;0.0053591886935829974;0.0093937303172438417;0.011894641802010839;0.0082829544710816376;0.033173346250217908;0.0093707745919595457;0.087731610053794512;0.01952809708773235;0.0094764392467217382;0.0039370474844116392;0.0056846815323034258;0.004939041052904547;0.0059781319181608714;0.002977484135286982;0.0016120418141886035;0.0010842536602221108;0.0023025624947001755;0.00048442845651148944;0.0010007451668326232;0.00073129093566018399;0.00067352737254756489;0.0008661036543812147
0.00093592073701551245;0.00073665004425851649;0.0013330221784122783;0.001549804416716222;0.001419629736217427;0.0020245009303509294;0.0012509239557253913;0.0014964274125688494;0.0066001879926107935;0.0011988503640582668;0.01207793432581831;0.0054745027969710647;0.012327719768378485;0.0067304665524305415;0.032368423243236126;0.011185646711577676;0.1584782325025792;0.0056168427750092655;0.014927864662051548;0.0049780412593788525;0.0051490337685961779;0.0032721902000591341;0.0025356532391894895;0.0023072518355601542;0.0043128828233595807;0.0022239544044398681;0.00086449754301760288;0.0015496232135113329;0.00123660892827319;0.0010140152024241732;0.0016404922331594335;0.00076480663128492129
0.00025183319475804311;0.00076041941234663863;0.00040347522434302894;0.00032745201520434413;0.0010915486386030365;0.0017040028665032175;0.0016556813317614354;0.0034473302121198523;0.0010752569685208296;0.0023791668651113396;0.0050498125948301277;0.0052125661549222626;0.020210347488908906;0.010745381244376084;0.014616393144913798;0.031252009742232516;0.095768669906209331;0.014485715506708303;0.025167886255742629;0.008329647749526577;0.0079566417372785737;0.010665288911791563;0.0041289422002386035;0.0038283066004064833;0.0014643361465029999;0.0014316820612507533;0.0012885558520031274;0.0008703937324123749;0.00093970267753512593;0.0011494362768603203;0.00036942258205043422;0.00075422777371193653
0.006162828543552306;0.0031421716132664233;0.0051418225232609778;0.010440598190550047;0.0067544683044253829;0.017575083190187673;0.015349005319631024;0.011572882426179347;0.019076216097277436;0.020692798266096494;0.017959856317349383;0.016083674197137559;0.0067527852054882834;0.021315322071025163;0.011884361226259505;0.027353258659976527;0.031756828988703911;0.02575954632362161;0.001456453561860795;0.016567329049054846;0.0049217382344876846;0.010710196636953599;0.0050131440431314738;0.019465147667627733;0.038067941369817629;0.0058614045261554081;0.0095607967433624843;0.0038197816641425348;0.0088339999018844442;0.012726124809236759;0.0095733253433729678;0.0020274081204970725
0.00041149748091087903;0.0027860876937562721;0.0011599804401015859;0.0011783890627750442;0.0040035994472623583;0.0028881955910951621;0.001449846124383591;0.0053878478065765307;0.0052072100946178503;0.004568378708568706;0.017344733534630608;0.02491459563867341;0.010791789612553532;0.0043778263937020896;0.010334371298404308;0.065946074309485583;0.064060131025867731;0.076156878970293412;0.032848857592967379;0.0082206922860425247;0.011673986328137719;0.020881094064146535;0.019760403005012635;0.0097084024258935198;0.0039823049145589918;0.0053572848601203737;0.0038936354951279967;0.0014558525160263682;0.0010319678813266967;0.0010737442557769811;0.0017861679732751646;0.0016864174783657257
0.0022670321711048521;0.0024707911039927475;0.0024211329455999376;0.0023301225984223494;0.0013806533287585008;0.0012598610475066314;0.0010900158838705266;0.0029666040025256861;0.001672652916509828;0.0036515880388585044;0.0030101398519135777;0.0011503867228466614;0.0040318270541050919;0.027244180052494318;0.0083994483305710119;0.045141070970555079;0.0060058270776957769;0.049563842961196508;0.0043138836385302037;0.010304665520958396;0.0037949903707192056;0.0034714051427758279;0.0012086120159413964;0.0059675781647361321;0.0062079748687529262;0.004367498463444368;0.0014428431163483418;0.0010614269300788333;0.00063336451799833994;0.00061808591328803644;0.00051562841406399649;0.00035494384738643709
0.0012904921983870406;0.0018415074682439135;0.0041372745790886015;0.0016074461112461332;0.0033864492853635463;0.0011891975017191509;0.00189124360840069;0.0048139341894786313;0.0026860624692600838;0.00368835619741603;0.0044007973151742562;0.0067435573497525514;0.028715748802751889;0.027783198925037462;0.011307706958293575;0.072458222809269224;0.051903537720642073;0.0068199754752115583;0.037004035393507634;0.020535835926003648;0.0013928056298496453;0.0012956857963812246;0.011474060885792116;0.0047206673879515307;0.0015638611150326671;0.0043831680827385814;0.0051933665435341522;0.00051468463401256115;0.0029670533191267596;0.0015830800063081031;0.00040063126156119662;0.0018102292819101929
0.0014200090183028305;0.00052840872723228596;0.00064601451748628731;0.00071385187130640327;0.0017645613097148985;0.0015565752697163835;0.0021467104908645868;0.0030826595664294226;0.0031619537980213698;0.009217184061908518;0.015562746203340343;0.010014377671507688;0.013879494354457296;0.008716714821403692;0.066498630834698147;0.030173917941053958;0.09405068276208646;0.0068220686198859791;0.090154060676160663;0.01694187699628652;0.0030567516877825951;0.0081312515452931985;0.0058134311296430645;0.0062826313139108378;0.0033948253179404667;0.0041719876301148434;0.00099496449425907538;0.00070824545317517407;0.0019249714626114228;0.0021446873895703128;0.0017453811361716625;0.0019023822529792443
0.00092950177990318598;0.00095157534568104062;0.0010824457510263559;0.0015587820419797806;0.0006707839719469255;0.0013389639931858123;0.0018278336218278989;0.0032275374677330094;0.0007770303601795193;0.003120442390487897;0.0073624929894995708;0.006432419207951413;0.0045194543359602336;0.0066598069710640632;0.046069195972405066;0.041720243519895367;0.16924535571348884;0.041269836947380019;0.012089240999839428;0.0082498609750178541;0.0058482614682581176;0.0025399254356968893;0.0023569364960174905;0.0021650165281918167;0.0023912324650376222;0.0014145763827754054;0.00042237966779144759;0.00028307122857996564;0.00094765604348984081;0.00035736009081276723;0.00036447301251339357;0.000701916012126156
0.0006652622129804742;0.00069370858537706086;0.00038430660425416635;0.0012535541099737222;0.0023033532173696849;0.0013928463791474323;0.0011787893270824427;0.0015832462467522176;0.002758622016213067;0.0039430363635128002;0.0042093897324683742;0.012284880411315133;0.0042075823668111662;0.0058175965388882157;0.039131206428049396;0.0024217575651290396;0.09709662936691886;0.055514609216751373;0.013886189156611098;0.006157532532660822;0.0095195762579981455;0.0023195795531144232;0.0048812529956560012;0.0050037187534241996;0.0017462922120636988;0.0018802591409258611;0.0013496371487115414;0.00096963741278339587;0.00027547499967903362;0.00081693730103246697;0.0005420402968205944;0.00057333568549292036
0.00037094933156394609;0.00033258887452821035;0.0013895982829858035;0.00089363026673752266;0.00042594099971123874;0.0014682063167903898;0.0019776276372600564;0.006216103829331545;0.002824751020542002;0.0032303461628893277;0.0065443622181298611;0.010812987181462086;0.018128879265969972;0.020955224775177139;0.0026803861851224962;0.018918912412994374;0.026391374349732877;0.051835768275974012;0.044119885649761721;0.015271371075862602;0.010075170794918428;0.0022149846853718558;0.0015588032222826889;0.0037157982784631763;0.0014884541326453853;0.0015022596408318398;0.0017615396918215832;0.0010066712082018958;0.00068379774072695372;0.00086242045412893609;0.00017347216332022468;0.00056624853112291506
0.00048672168706198257;0.00024045962365001729;0.0010412184285481616;0.00061688898188050811;0.001079656229512289;0.001109102766046658;0.00095017791137571998;0.0025137813396177195;0.0016980791359514876;0.0023366457079658158;0.0027433374411594907;0.0046529479704741934;0.0075626220048109812;0.0024069485028232205;0.026639915137246669;0.041085948203893843;0.093556514320067702;0.051195325269877578;0.014382909512105288;0.010211090649319292;0.0022775529739788385;0.0010482213784278999;0.0049711575780051346;0.0017159951512801732;0.0019713053635497324;0.0010491663633152685;0.0012134183591054894;0.0011045710191977169;0.00096512931733498935;0.00054404315694080337;0.00037354916371757404;0.00062811633107231449
0.00085011661812919121;0.00082603967697622257;0.00092017987377366911;0.0015863388325401768;0.00053885608144703541;0.0013385583710970742;0.0016767988973950348;0.0014010713095023275;0.0030019908124845891;0.0042791697188354974;0.0058906424530763323;0.0063484842897528525;0.0078564884311287803;0.023206236278891162;0.047150700454158624;0.098167096909573898;0.064502502109311674;0.041542766431335157;0.0080635063811850191;0.019165578550817134;0.0040982030670030523;0.0072842335106198409;0.002290092703598721;0.0046699764391572749;0.0018414359494300053;0.0039554433880619006;0.0015144504132607482;0.0019374506293882337;0.0008642628344030037;0.0011706495481436652;0.00064184541927863844;0.00080036120507967674
0.00036902804994108548;0.0022038011065333134;0.0040467734368808969;0.0042331289508064484;0.0052675859084736452;0.0049432409913866817;0.00065234422834648052;0.0093086902418414927;0.0024510699335569619;0.0091346400731204067;0.020200170339495924;0.015454217885053344;0.0017629470423772026;0.0074852449947842388;0.0097946491680698383;0.050043896747914256;0.064417780890917653;0.046453483753139499;0.035085030224873734;0.045206707418430365;0.022399398900165263;0.027147091045377832;0.0094644830274800348;0.0027873031663181338;0.0074587512036027696;0.0043415479785265509;0.0038881268450679848;0.0037665667560761694;0.0057999701544711362;0.0029348782308244322;0.0021117098798097561;0.0021725390053021557
0.00034354676111714058;0.0011844523775172415;0.00060393264715247977;0.0017914992169875694;0.0011741604059623929;0.0014437654895442427;0.0036874508609433415;0.0014722725219018552;0.002924323430835778;0.0031326078399573644;0.00938594056948471;0.0067016365133699936;0.0078178819661995878;0.017436090356704171;0.0085919134669137;0.13993982108618711;0.077249396321360866;0.090684761452040949;0.047297019427947798;0.012635856156997825;0.0018307506532372233;0.0012028627677810569;0.0046731511195827382;0.0018949671495449467;0.00037503605918759214;0.0017608167307109712;0.00050957303003121182;0.00076731181774388152;0.00028368304691211142;0.00050817922798760415;0.00042485715357046722;0.00069993449285976866
0.0025828268550825814;0.0020509185555561689;0.0020293153086846463;0.0017450034728922954;0.0018233104528405297;0.00102768155364499;0.0023585320820050095;0.0018614742443366181;0.002508072155750332;0.0036386898214547147;0.0084074017277130843;0.0083369623549405785;0.0060334250293979999;0.013087673802065089;0.0085313816696044008;0.021787841213431438;0.034573766018877933;0.010072996934572529;0.014046388038027754;0.01340644605803863;0.0074760233578540893;0.0063970483450899469;0.0045644008734973774;0.0090237707340565659;0.0039875589911409276;0.0027229603560487291;0.0020729918772443823;0.00060105042379462808;0.00090266872132437048;0.0014619277279896746;0.00044176049408962232;0.0010971147215368576
0.00020442060322710609;0.00051594937715564344;0.0030143176307018925;0.00084355947144551611;0.0015225241632020447;0.0018109614126876471;0.0040744408959676433;0.0029353961695373241;0.0044133709646564864;0.0079783400753137262;0.0060606758709473626;0.0040871199894586072;0.0014614338034726142;0.015606891428722992;0.046621740501511723;0.027217853199918599;0.12051283927139615;0.047513091756984115;0.0084034165101593214;0.0014861914533399886;0.0090290101335835839;0.0092073940354784559;0.00084992390830598006;0.0029891877229789514;0.0013659191485534323;0.0014596066180404693;0.00048018665826045283;0.0028039054682092858;0.00024870943143854581;0.0013612957439486624;0.00026739857930281353;0.0016294502287642993
0.0015164083736190889;0.00029929563854812896;0.0032930029209349405;0.0028093284882241588;0.0026615873629206809;0.0036247077092545752;0.0064571412195125744;0.0033316484380961128;0.007726809821899952;0.0023211587104989082;0.0048406668692701511;0.0079250608371625141;0.0071812994533215248;0.023480501870382094;0.033560162958266471;0.10815415086759286;0.07083924395806919;0.046439884358416082;0.027214841809065859;0.030987197301192558;0.020807055792439254;0.0075735555899716159;0.0044822381707302142;0.0095016413230608922;0.0071802157966330618;0.0030073257790184825;0.0020842922968796404;0.0019550608928189644;0.0042485969209024839;0.00094928035694865026;0.0016449632671168704;0.0016904057810787363
0.0028924850550844962;0.00086129570891771846;0.0013628873050530899;0.0030701954590814386;0.0023106609278636448;0.0042068819654830442;0.0058095026566476462;0.0014792833909644408;0.0046929211418840662;0.0065284847218254356;0.0040140555931385928;0.0079659436728071846;0.02490507266416743;0.0083005246912381866;0.031868815742923967;0.013664481099311747;0.17264703879393098;0.0092114632900580449;0.02056982007693289;0.0041927086174887475;0.0086156740050252392;0.007132582831366475;0.0016368648002581517;0.00080071237376350721;0.0015340023494234351;0.0046168287246619614;0.0035536033459710624;0.0021744573421058383;0.00037747391771174782;0.0016328254574983316;0.00085635057049266697;0.0015305089964394493
0.0036951511892365793;0.0019977295920193985;0.0015378030265523525;0.000781561791602414;0.0060087191604088494;0.0011552743250464342;0.0025487815295612728;0.0025882871734946335;0.0030150547954510003;0.010827636645990827;0.008370047341134201;0.016574234998992875;0.0054783312387846625;0.015763240571258094;0.028979431484043264;0.038198214415753107;0.040248972718352885;0.0075048417547863523;0.021925074831468501;0.010698783350540919;0.0098567480719577768;0.016220528724927935;0.0051459562241310004;0.007861501987754373;0.0076833550606006185;0.0062712561617138517;0.0039015791109898133;0.0021903842696713452;0.0039227363452136663;0.0030796253329519793;0.0011389000736269869;0.0016547445153707607
0.002983346117326121;0.0039466665849368114;0.0055734179200963895;0.0073102988324014557;0.0027020051986477184;0.011256415976937204;0.012741266084531791;0.014894067931464779;0.00336965442181782;0.0030874431396343046;0.0069055122798856597;0.015100348691685746;0.0084432819465489004;0.011593542536976665;0.045496591090726193;0.10179373774858474;0.042252949125064596;0.0066387353842581537;0.0053865751866493941;0.0052858225290375784;0.0081829671590297297;0.0043925555896119108;0.0057321310586095275;0.0091310986663424489;0.00815723818678089;0.014438966870923694;0.0097625664864196271;0.0072338833852705637;0.0033472007792833395;0.004485820444614803;0.0023151934567835299;0.0023657904060390401
0.00031324763989976209;0.00060473829704010937;0.00049969881989538598;0.0005491320762801039;0.00083095377161106069;0.00078547324014104482;0.0014035013284488705;0.00086377223910599527;0.0026434804564532395;0.0014799404231142991;0.0047093881565058518;0.002073398138303365;0.011056201929424126;0.0026014113849802552;0.030968215686892189;0.0032009896038300597;0.14676730491705148;0.0044280134896861568;0.0096200565068722006;0.0035343440649354325;0.0031185269653738407;0.0026341858843609159;0.001974965361387488;0.0019747145968902189;0.0012498907074815645;0.0010976419276555306;0.00083823303614498476;0.00072072358106942374;0.0005559241082111647;0.00047743578426427457;0.00041302194835232865;0.00026841463319788564
0.00062866944601571784;0.00053346380043332062;0.0013457015204501039;0.0017579316399955777;0.00060767925670523429;0.0024235859130403775;0.0031207574295719293;0.0024239932947890215;0.0015650397571248303;0.002946971104977934;0.0033530154824648333;0.0068835508780081406;0.016029934942720463;0.0013915047067311684;0.03144524597700734;0.013472706342276252;0.1267296129704783;0.012590049215667996;0.018674002868542133;0.0053961136967423809;0.0041912378946761981;0.0061554247884213504;0.003523198540855478;0.001885955728476197;0.0027756438572129386;0.0021524957867974934;0.0011225022247738428;0.0022851868104317666;0.0007485156352672269;0.0020144380606871692;0.0012814496131217949;0.00093533254743802317
0.00092483211911718248;0.00071355446445003532;0.00069456665388747214;0.00024426797854449738;0.0007928320775960685;0.0013555112132481069;0.0017993510158833426;0.0018197465333413285;0.0015729597590565443;0.0025377261782655977;0.0069404618222622489;0.01723014966608442;0.017504648638156435;0.016839896734780757;0.0036911790387461796;0.040381725739553356;0.061454545772105566;0.033722905752213726;0.019545101625499845;0.004355111010779786;0.0042320193176240556;0.0046748032107139185;0.0046182154587509974;0.0037731744048036548;0.0017425126381111719;0.0015083541171791509;0.0030750262549594388;0.0026044992310031807;0.0016354250986026749;0.0013624169763581683;0.00099035053827264377;0.00080995394205565828
0.0035399641295445379;0.0010138837974261767;0.0026362433771324016;0.001939020493137623;0.0037312852818433859;0.008468957031800145;0.0034425444863638733;0.0030940188648695454;0.014563502635064842;0.0064759030823208011;0.0064045934033291748;0.0091223932151840836;0.012462088892647523;0.0039594110844737703;0.026906637425370427;0.061282066043700713;0.037823813656484739;0.032833629707993535;0.0081839256397972689;0.021226086826462476;0.01521593052168297;0.017229696488680984;0.010357499909170301;0.0066207585673429738;0.0096935051869636232;0.0044900943500789043;0.0026269897565189717;0.0022935203217098652;0.0015400082032087264;0.0036628278152048737;0.0023765717372273812;0.0014197746368058229
0.0020148633760369047;0.0024394119948308126;0.00092834728676525265;0.0011026125973731585;0.0032998333657889276;0.004653114712185301;0.0023631002594917015;0.0037814171976400844;0.0037924236671102131;0.010482222059141129;0.0022122242391893411;0.0036908852718590753;0.020832857834543972;0.014151757509825856;0.035323886346269956;0.10405127103586023;0.070457620434866142;0.038835681809916339;0.024848886637339758;0.021016326153174232;0.0081158684366741483;0.01443206812917331;0.0083676959378659131;0.0031730266928941681;0.0022514760457612564;0.00050083136012474868;0.0027421827051232295;0.0018781643182798487;0.0038020968731330104;0.0021564127654393698;0.0015826226011862907;0.00084894151111026899
0.00096362827255599037;0.0005877843596037869;0.0014188994196344519;0.00041815180728303877;0.0020684236971860734;0.0010697825026332358;0.0036502416965009331;0.0021352303320344877;0.0040848346432303144;0.0028434649097481991;0.0054942234912522259;0.010116640045815157;0.0060188342874616507;0.020699443810744601;0.025887447345311333;0.14021489806785081;0.076645858789316595;0.1033275382774879;0.038322109277829995;0.019010915595068244;0.0091847512875587786;0.0061269261103164821;0.0033864140624699671;0.0029171721519319948;0.0026379884921856021;0.00088826921226897498;0.0014981537217130839;0.00096503240485895875;0.0012360151870726569;0.00077212662315007704;0.00030415894775839364;0.00049074761755718067
0.00031530237676726571;0.00039426179367658986;0.00068190172725893488;0.00116309032369002;0.0014046501750539331;0.000689407089420864;0.0011106720790720617;0.0013302550713851953;0.0015656968236165093;0.0059006315159165256;0.0026305301716692607;0.0057186877934821559;0.0042827388080481244;0.013443906363885807;0.046787355088544806;0.018148576386594204;0.11436785278683774;0.03119665643305496;0.0096222683595980907;0.0046334798190688104;0.0047813987973193547;0.0047419981025171466;0.0020904548751163013;0.0010867322645840764;0.0022907435007345272;0.0013863104760594219;0.0018307535433682947;0.0014615609672309425;0.0015497454833911337;0.00083319552317937288;0.001001213702270261;0.0012031220410689155
0.00099031569889983695;0.0005594379531037695;0.00018185382732193527;0.0017179601013774788;0.0014737166168827765;0.00060613969752984617;0.0012522711202168689;0.0032517604441874505;0.0028704106898643903;0.0020511234144911274;0.0033931719403729383;0.0094818606243794526;0.0038913410635177553;0.0054477883445361872;0.047961203067361076;0.017939846995724821;0.15707819930112468;0.057767275303577212;0.0070551411577788195;0.0022544474698548236;0.0055850245933351562;0.00250104073275613;0.0046360066982462913;0.0012262664288558718;0.0013115793622450679;0.0013126166428523529;0.0021648362561491816;0.00054366381222151748;0.00078947104619930288;0.0007276264845917981;0.001009451431631142;0.00056253920383328231
0.0003159866954161141;0.0014413330510912143;0.0019983189866799316;0.0028899208207520959;0.0026974093231212524;0.0027951662730660216;0.0025538448557373881;0.0075443147528061862;0.0056454530530737372;0.010207575647332892;0.014876437256803241;0.024762414848411119;0.034307139116090762;0.043956061367076395;0.067823490828982827;0.031527513664339119;0.13101743779131358;0.031192247511354836;0.034568985888505738;0.023197704325421155;0.013530825550297974;0.014154831355926496;0.0062100792152627133;0.011309502684943842;0.0021370767292183622;0.0053201731336415545;0.0016274896544865689;0.0030437333837224599;0.0024769052196472177;0.003123133742130654;0.00063880715825472803;0.0022657884512967473
0.00018617434230661781;0.00026871351032717636;0.00086817292828153341;0.00093021208243513156;0.00063561816010361679;0.001220182172786295;0.001111326240447671;0.0013574701423161224;0.0026464610736262389;0.0029881880296925129;0.0033193839806311852;0.0041307709260923952;0.0020183504306065404;0.015299918973851922;0.0065162034995118441;0.016749338534759305;0.012268125644295301;0.033130058318942703;0.007676311748777186;0.0047698107880957703;0.0060424800335586197;0.0017250439212411792;0.0018580402915322413;0.0018079697430289289;0.0011162931076401808;0.0019623860348955773;0.0014704563551116629;0.00087705850468769886;0.00049769846984099074;0.00037640920635428573;0.00041322803155875119;0.00093398521206702867
0.00070516068737202858;0.003777695206894627;0.0015749953844455876;0.0044509945046611018;0.0041137164056251948;0.0024930568198037397;0.0013376952984143354;0.0060511566588197785;0.0026679749223173497;0.0045432528394160725;0.012216452548140197;0.018210429755069202;0.026044722422588793;0.019072903044103039;0.020479565674755087;0.051623181781849332;0.023249112844955372;0.022030759912285241;0.018899789479918772;0.011615012078291667;0.011559047437401777;0.0078555538437565103;0.010791562556915418;0.0026492821137123375;0.0017245587103627098;0.0058142535923701739;0.0066629661663960811;0.0023255533796989834;0.0016259327018039935;0.0022493210262740232;0.0020771899157795886;0.0013250193068931248
0.0014366786726281778;0.0010249791654803166;0.0023090170312650344;0.00075315118265074021;0.0023449379086736104;0.0047868407830843262;0.0014530877483791987;0.0066829721387432501;0.0072331435735751093;0.0069765007626637378;0.01396780945768062;0.0027253951511002493;0.010067371964118166;0.016021529267662947;0.017353334436650027;0.018954646241523643;0.062732456898366692;0.032963924934777115;0.011071016766915473;0.014319541728057597;0.015234217785205886;0.0074771802544654599;0.0035287398978609687;0.0052162523213801042;0.007900343752827341;0.00070130855289759889;0.0047456905808760412;0.005765585620665978;0.002282466777892421;0.0030600695335418118;0.0012678490431760267;0.00080010330564028319
0.00027453199565409639;0.0004325430433388107;0.000716796822439826;0.00092315790740082361;0.00064798114210884797;0.00054017710273626879;0.00090944053282426048;0.0013435652653496389;0.0015346661478190533;0.0018899732270730941;0.0032660416746687288;0.0058996075426212572;0.0041767806964608488;0.0022361284195147606;0.0061326675678199495;0.0068619338111718109;0.029521721617990541;0.007336029300335274;0.0079009163823249573;0.0047211005070548675;0.0019767706305073144;0.0022346111452284608;0.0011467898751456168;0.002570737642219038;0.00095293311454976105;0.0004360994524882924;0.0011341508630283716;0.00047881229514094571;0.00066300812140358877;0.00049517954971710311;0.00032498208286006568;0.00063254830645996052
0.0013985593466756935;0.00089100819984277773;0.00097156871764259869;0.0021349504600139471;0.0021824865432428383;0.0032720484868394495;0.0027907489851740071;0.0053933067093599185;0.0081056552970621941;0.0013718767117407529;0.015580396357540242;0.0040661352996809513;0.013403511840904143;0.0047984038259065642;0.0089880004301615222;0.03463500815969741;0.10958360956659755;0.01203078679720194;0.020480223539115584;0.024014313583098933;0.011880793392484245;0.0085304077929657194;0.0028680948241618666;0.00413904840325137;0.0040279124514051431;0.006907240183435766;0.002997985030229704;0.0039679298219640873;0.00076255556499933003;0.0025954271489082507;0.00074693725954250807;0.0011897282666399498
0.0008700208983427962;0.00044814233244816693;0.0012868550860392273;0.00051456890588773762;0.0013832390033942106;0.00162093476940409;0.0032766391257408557;0.001921810685094029;0.0050692408422520962;0.0028148416935399674;0.0064515727208927379;0.0034279084889603842;0.017356105320377818;0.0047334937992391914;0.033693577558308888;0.0025739149490007834;0.19682559286893431;0.003452452017174553;0.019559279804487874;0.0046122948781030168;0.0023748862764560569;0.003792196292793237;0.0021916286591176035;0.0022576596968475705;0.0012763665215721419;0.0020329728862989566;0.0010329532289799594;0.001072352244353932;0.00078414727867568486;0.00068577519645855907;0.00065475685957172016;0.00032707045806173237
